1.000000
0.000000
0.005471
0.000000
0.021074
-0.013217
-0.005932
-0.003311
-0.005304
-0.008304
-0.013869
-0.009694
-0.008109
0.000000
-0.006106
0.000957
0.023117
-0.000367
-0.017541
0.018227
0.008687
0.026218
-0.014527
-0.015176
0.018099
0.019298
-0.002558
0.000000
-0.001224
-0.001886
-0.008624
-0.006206
-0.004777
-0.006046
0.003707
0.020771
-0.004541
0.003688
0.016110
-0.008420
-0.008487
-0.016752
-0.005703
-0.009964
0.000000
0.009182
-0.000625
0.004499
0.005433
-0.013703
-0.010985
0.003075
-0.015526
-0.002224
-0.000849
-0.003448
0.002701
0.010585
-0.005231
-0.008661
0.007514
0.009331
-0.003411
0.001851
0.000346
0.000000
-0.003271
0.011476
0.009458
-0.001527
0.001065
-0.000575
-0.019339
0.004684
-0.014175
-0.008680
-0.010022
-0.011571
-0.008757
-0.001136
0.004493
-0.004356
0.005667
-0.011320
-0.009145
-0.020518
0.012011
0.000000
-0.012785
0.003976
0.008359
0.008245
0.009537
0.007454
0.005443
0.009704
0.008043
-0.002602
-0.010562
-0.010551
-0.001835
0.012304
0.004881
0.009887
0.012028
-0.010725
-0.006392
0.006729
0.001542
-0.000255
0.004048
0.000340
-0.004194
0.000000
0.007803
0.011311
-0.003340
-0.005905
-0.004186
-0.018057
0.003807
-0.007305
0.017000
-0.009589
0.008595
0.004003
-0.003177
-0.004686
0.003501
0.003168
-0.003185
0.005749
-0.001425
0.009117
0.002269
-0.007104
-0.007416
0.005826
0.000000
-0.002456
0.001273
0.002057
0.003151
0.011747
0.005661
0.013662
0.002332
-0.001788
-0.000027
-0.003862
-0.001216
0.003531
0.012769
-0.008330
0.011414
0.004486
0.003138
0.000640
-0.005270
0.008344
-0.016564
-0.001783
-0.010685
-0.002264
0.002967
0.004416
0.000973
0.000000
0.004449
-0.002863
0.000744
0.005141
-0.003324
-0.023233
-0.004358
-0.000770
0.000818
-0.010366
-0.006319
-0.009801
0.010991
0.004999
0.015132
-0.004065
0.012077
-0.002544
-0.005199
0.000172
-0.003352
0.003112
0.009554
0.011554
-0.000358
-0.002400
-0.001050
0.003661
0.000000
-0.004807
-0.001227
0.007368
0.005547
-0.002711
0.000240
-0.010709
0.017836
-0.004918
-0.013519
0.007350
-0.002315
0.005721
0.007426
-0.009449
-0.015076
0.012855
0.002071
-0.000624
-0.002620
-0.003099
0.002516
-0.011068
-0.000694
0.013294
-0.000874
0.008455
-0.003994
0.024005
-0.002631
0.005421
0.000909
0.000000
0.008884
-0.010237
-0.006998
0.000560
0.003756
0.007365
0.003095
-0.000992
-0.004066
-0.012193
-0.004956
-0.002242
-0.012863
-0.001807
0.005692
-0.029220
-0.003780
0.001790
0.014916
-0.000595
-0.003198
-0.005096
0.008730
0.000513
-0.001268
-0.003494
0.014231
0.010373
-0.005755
0.003853
-0.005685
0.006913
0.011057
0.000000
0.000931
0.007608
-0.008320
0.000131
-0.001332
0.003556
0.002246
-0.005333
-0.002997
0.006873
-0.006625
-0.000263
0.005338
0.001938
0.007517
-0.003551
-0.005290
0.004567
-0.001687
0.003086
-0.005896
0.000481
0.006046
-0.001576
0.000361
0.006040
-0.002224
0.005059
-0.001800
-0.006436
0.007644
-0.001770
