1.000000
0.000000
0.167989
0.000000
0.009703
-0.006608
-0.005243
-0.001655
-0.002842
-0.004152
0.133466
-0.004847
-0.068316
0.000000
-0.002784
0.000478
0.013743
-0.000184
-0.011754
0.009113
0.164985
0.013108
-0.010571
-0.007587
0.008823
0.009650
0.080214
0.000000
-0.003501
-0.000943
-0.006758
-0.003102
-0.003152
-0.003023
0.041496
0.010385
-0.003520
0.001845
0.009454
-0.004210
-0.001728
-0.008375
0.060479
-0.004981
0.000000
0.004591
0.002517
0.002249
0.002185
-0.006851
-0.005672
0.001538
-0.103849
-0.001111
0.001716
-0.001725
0.002785
0.005292
-0.001033
-0.004330
0.059545
0.004665
-0.000144
0.000926
-0.045564
0.000000
-0.001068
0.005737
0.004777
-0.000764
-0.003051
-0.000287
0.051733
0.002341
-0.008994
-0.004340
-0.004867
-0.005784
-0.003255
-0.000568
0.071806
-0.002179
0.005620
-0.005659
-0.004188
-0.010258
0.052202
0.000000
-0.011731
0.001988
0.001571
0.004123
0.005941
0.003726
0.037976
0.004852
0.001276
-0.001301
-0.001363
-0.005276
-0.004057
0.006151
0.005909
0.004943
0.007986
-0.005363
-0.005585
0.003365
0.004522
-0.000128
0.038855
0.000169
0.021594
0.000000
0.003930
0.005656
0.001067
-0.002953
-0.000545
-0.009028
-0.038347
-0.003652
0.005555
-0.004794
0.007977
0.002002
-0.003249
-0.002343
0.085527
0.001583
0.002528
0.002874
-0.001421
0.004559
0.003083
-0.003551
-0.002515
0.002913
0.000000
-0.001228
0.002560
0.001028
0.002222
0.005873
0.003672
0.006831
-0.057759
-0.000894
0.002362
-0.001931
-0.003084
0.001765
0.006202
-0.004165
-0.012416
0.002244
0.000810
0.000321
-0.001906
0.004172
-0.010005
-0.000891
0.033081
-0.001132
0.000811
0.002208
-0.034090
0.000000
0.002927
-0.001432
0.000589
0.002571
-0.004595
-0.011617
0.035684
-0.000385
-0.001047
-0.005183
-0.001671
-0.004901
0.002025
0.002500
0.046259
-0.002033
0.006730
-0.001272
0.000242
0.000086
-0.001911
0.001556
0.050269
0.005777
0.001044
-0.001200
-0.002879
0.001830
0.000000
-0.002404
-0.000216
0.003685
0.002272
-0.001356
0.000230
-0.005355
0.031335
-0.002458
-0.007124
0.003675
0.002516
0.002861
0.003514
-0.004724
-0.067840
0.006429
-0.002193
-0.000312
-0.002251
-0.001549
0.002195
-0.005535
0.034092
0.006647
0.003188
0.004227
-0.002116
0.012003
-0.001844
0.002711
0.031823
0.000000
0.003359
-0.005118
-0.005600
0.000280
0.002762
0.003682
0.029026
-0.000496
-0.003065
-0.006097
-0.002085
-0.001121
-0.005121
-0.000903
0.009642
-0.014610
-0.001818
0.000895
0.008096
-0.000297
-0.004265
-0.002548
0.003164
0.000257
-0.002862
-0.001746
0.007131
0.005187
-0.003256
0.001926
0.028182
0.003456
0.026939
0.000000
0.002611
0.003805
-0.002815
0.000066
-0.000571
0.001778
-0.031497
-0.002666
-0.004803
0.003435
-0.002659
-0.000132
0.002352
0.000969
0.032805
-0.001776
0.000202
0.002284
-0.000352
0.001544
-0.006126
0.000241
0.055637
-0.000788
0.003801
0.003021
-0.000916
0.002529
-0.000482
-0.003218
0.006418
-0.000885
