TEXTURE AT STRAIN


B  100
        208.702008430389        73.0611764500698        37.4882019121906     0.00944057455226507
        112.013863087202        70.4290195173573        55.2739252302966     0.00944288559494769
        314.977254190187        77.4711264848912        15.5050827215373     0.00944732095057859
         92.197476949517        78.9781549574716        51.6447844412135      0.0094535425799338
        38.7910701673944        75.7257578725709        15.0294639397447      0.0094539580686316
        283.364846238445        80.4314080831245        50.7253445710945     0.00945681933396546
        313.630927034655        61.9528393791408        49.0323533395131     0.00949200228439786
        351.300503649176        89.1288893053723        28.8879797730285     0.00959180456561279
        20.0778310429571        85.3861897087908        46.4604730946166     0.00961643111344527
        216.117601221713        62.4027878738185        53.2708269514538     0.00970802889636307
        265.016839752152        68.4508672542041        47.7788850536782     0.00977076642243254
        76.1196092678853        78.2106373401009        31.0570012152045     0.00978316422674883
        152.312163692866        89.1438859739706        16.8558381780045     0.00978838359968188
        232.649462392666        67.9521438952265        64.2772816278149     0.00979790674424027
        205.880648200999        84.4839662171242        17.9762754513535     0.00981543596010154
        30.8709019746092        65.0153767901425        39.4276731473172     0.00983121251210343
        18.8179368713922        72.8374746665955        29.1173632710996     0.00984261747399855
        175.335755899772         86.075559525453        27.8917834966389     0.00984315604564394
        61.6824122042484         85.030871698221        57.4173399813547     0.00984462751764206
        262.623663928618        81.9365483006153         81.638121926597      0.0098516869820214
        155.022873232939        76.6369614902779        52.8840889854392     0.00985366550977606
        265.698420865502        88.3893286214873        63.0476257877407     0.00985502582294486
        163.164054754451        71.0694131756658        67.5393010771515     0.00985564347881458
        348.566179232711        78.0650790996657        70.9038027646962     0.00986350945780381
        2.36981904152945        89.3809849875791        87.8960110751079     0.00987485023993757
         2.3670089685202        89.3981180002641        87.9017238099357     0.00987500965277621
        2.36399070964119        89.4055083261361        87.9032841983741     0.00987500977606222
        2.36336760959825         89.408861636166        87.9044600817823     0.00987504364071218
        2.36579492168289        89.4038254721633        87.9036530647806     0.00987506453923829
        2.36443395710478        89.4094751396163        87.9056066895525     0.00987512067143093
        2.36281896989695        89.4158451995139        87.9077339015038     0.00987518229840877
        2.35992321169098        89.4258310490335        87.9111427264431     0.00987528237347876
        306.361885631652         82.230023641732        66.1242425175523     0.00988336630896575
        182.030764242632         61.704040388001        55.9134768049297     0.00988593325841195
        241.327792562228        83.8446405554345        67.5020332155854     0.00989966760400865
          110.4546486099        84.2191569518305        83.2442699809916     0.00990201742985045
        195.188063388945        72.8383068610969        61.3008377431298     0.00990351172779766
        88.6748594836815        86.3072538972315        85.1705854311314     0.00991039956871937
        326.005220449281        82.6696020797299        39.5261890106854      0.0099118464803906
        358.337332308232        76.1522114303238        45.3096265959521     0.00993460608912853
        336.563452507752        88.5717437282526        17.0522227417204     0.00993560773633992
        108.208830322461        83.5157524353822        8.05159870694593     0.00994229693166753
         247.05708966979        81.4544336435343        48.5848293391212     0.00994316919543135
         278.63581176191        85.1780513084893        22.1999605799809     0.00994404084677209
        11.8192280439161        70.8746402874661         61.286835305372     0.00996597828922316
        314.620270937139        89.2074226896754        86.0491270689078      0.0099669254766761
        342.135929408328        87.0752899994423        53.0554427262037     0.00997398846373717
        294.265190810252        86.9562862302536        28.3856796490263     0.00997651448908947
        230.618296168559        84.4443526699286        19.3761360615684     0.00998010469132071
        167.936009489578        57.2019634493595         46.502186466221     0.00998225360422969
        61.6679510850028        88.2100559976678        12.5476310455103     0.00998487638948015
         186.44465605648        84.4999653606812        82.6945889693366     0.00998615647584951
        347.228659476053        70.4700650290683        23.1901236769104      0.0100023778916402
        306.137892044163         68.164692783208        29.4928289151209      0.0100048269034835
        91.9600654793122        80.2873269120547        78.5080821488722      0.0100071798982795
        37.5354447533965        82.0702203261596         55.748901635342      0.0100074611742441
        173.332843555068        87.4190657044536        86.3694830583824      0.0100138512136128
        173.050171849129        87.2501074153732        86.2725595194003      0.0100224918887354
        285.903671154548        67.7682398003719        30.1117220055052      0.0100252066804124
        213.917191454816        88.6677385132809        60.5199096165968      0.0100326946755884
        94.1750633668466          79.10687533853        77.4626564340078      0.0100398119660948
        151.112737190967        69.3721253476844        25.2747737996753      0.0100755374663398
        185.161076061071         85.838280643294        85.5333599279656      0.0100758478197414
        266.993984688646        80.7127066612266        78.3655893977607      0.0100861619339757
        24.1547844859109        79.2267138976185        73.4415124508633      0.0100984920907024
        190.148661707105        88.2320838859222        24.3573121422851      0.0101098065876821
        249.307898882971          60.53943170299        45.0309766171998      0.0101126415285362
        306.245804596371         80.554165148593        47.2399313119564      0.0101225396286662
        174.773964420798          79.89856178348        79.5732342912827      0.0101232222754097
        174.773982580295        79.8987147841606         79.573058970511      0.0101232553852772
        284.871395965969        87.9226468665855        74.9599179392032      0.0101285109678497
         118.77359834818        81.0002475425193        34.2307977265184      0.0101309072172569
        280.377099659617        77.5163586269561        74.1660449246886      0.0101314946097211
        141.540555426078        83.8177008915335        28.7921653897414      0.0101419681791376
        168.429893896889        89.2830497223655        89.0863956323963      0.0101518061178264
        266.846347572844        83.7440783860479         11.762709798567        0.01015282348604
        245.152992017593        67.5335835185979        26.3800154647371      0.0101576838058658
        50.9329999067039        82.3507250470974        33.4577171405387      0.0101767694928366
        71.4610850171857        86.8088041699468        71.7280229458147      0.0101877033145927
        345.265556642579        86.7578648661835        77.4618613696914      0.0101997585469493
        296.561170503312        86.0376701065799        7.23249067922677       0.010218206122261
        217.303716439246        78.3330144428453        76.3441801153472      0.0102190531029738
        182.121839960147        78.3625204967082        48.0905298575244      0.0102245673439405
        228.974248089538        76.7824170467115        44.2659150936366      0.0102276436008476
        165.149955241014        69.4928140758002        31.3081047444986      0.0102350299935197
        260.594345064519         81.371341349312        30.5449292612868      0.0102389987109125
         62.168644703401        73.3130786859673        47.3020557731221      0.0102522611221514
        128.890920117592        88.3723563654902        56.1669105712279       0.010296267121624
        77.0176814278616        84.1558833378128        80.6034533693602      0.0103166714378593
         187.15145332166        65.6838525844435        28.4960079306187      0.0103229662867669
        135.899392436285        72.5189610427855        45.1937711528039      0.0103355869369471
         109.04449086279        80.3433290974666        74.1607001331554      0.0103395713877202
        101.259686986965        78.4407884718104        22.9860917977418      0.0103546923536701
        191.527853523456        88.2238308874806        69.1315139698821      0.0103661269588592
        259.923511142414        77.2054321923413        73.1461109177756      0.0103688492852281
        325.231440954146          72.38018609681        62.3823814746889      0.0104337214792825
        69.2037296335162        69.4662157399203        62.6768955881278      0.0104841825399374
        83.8430923495937        62.5175508774994        44.5758538558247      0.0104882101229991
        343.253798649325        63.1951793273188        45.2875198176444      0.0104999090972912
        7.01215212192941        83.5601717065854         77.344373417037      0.0106206583054813
