1.000000
0.000000
0.086732
0.000000
0.015390
-0.009913
-0.005586
-0.002484
-0.004073
-0.006228
0.059797
-0.007271
-0.038212
0.000000
-0.004445
0.000718
0.018429
-0.000274
-0.014648
0.013671
0.086837
0.019662
-0.012550
-0.011382
0.013459
0.014473
0.038829
0.000000
-0.002364
-0.001414
-0.007690
-0.004655
-0.003963
-0.004534
0.022601
0.015578
-0.004032
0.002765
0.012782
-0.006315
-0.005108
-0.012564
0.027388
-0.007474
0.000000
0.006886
0.000946
0.003374
0.003808
-0.010278
-0.008329
0.002306
-0.059688
-0.001667
0.000435
-0.002585
0.002743
0.007939
-0.003130
-0.006495
0.033528
0.006997
-0.001777
0.001388
-0.022610
0.000000
-0.002170
0.008607
0.007118
-0.001146
-0.000992
-0.000432
0.016198
0.003512
-0.011585
-0.006511
-0.007445
-0.008679
-0.006006
-0.000852
0.038150
-0.003268
0.005643
-0.008490
-0.006667
-0.015389
0.032107
0.000000
-0.012260
0.002981
0.004965
0.006183
0.007740
0.005590
0.021710
0.007277
0.004659
-0.001952
-0.005961
-0.007913
-0.002946
0.009228
0.005395
0.007415
0.010007
-0.008043
-0.005988
0.005047
0.003032
-0.000191
0.021449
0.000255
0.008701
0.000000
0.005867
0.008482
-0.001137
-0.004429
-0.002366
-0.013543
-0.017269
-0.005479
0.011277
-0.007192
0.008286
0.003003
-0.003212
-0.003515
0.044512
0.002375
-0.000329
0.004311
-0.001422
0.006838
0.002676
-0.005328
-0.004965
0.004370
0.000000
-0.001842
0.001917
0.001543
0.002686
0.008810
0.004665
0.010247
-0.027713
-0.001340
0.001168
-0.002897
-0.002150
0.002648
0.009485
-0.006247
-0.000501
0.003364
0.001974
0.000479
-0.003587
0.006259
-0.013284
-0.001337
0.011197
-0.001699
0.001889
0.003312
-0.016559
0.000000
0.003688
-0.002147
0.000667
0.003856
-0.003960
-0.017424
0.015663
-0.000578
-0.000115
-0.007774
-0.003995
-0.007351
0.006509
0.003749
0.030695
-0.003050
0.009404
-0.001908
-0.002479
0.000129
-0.002632
0.002333
0.029910
0.008664
0.000343
-0.001800
-0.001964
0.002745
0.000000
-0.003605
-0.000722
0.005526
0.003910
-0.002033
0.000236
-0.008032
0.024586
-0.003689
-0.010321
0.005513
0.000100
0.004291
0.005469
-0.007087
-0.041458
0.009642
-0.000060
-0.000469
-0.002436
-0.002324
0.002355
-0.008301
0.016699
0.009970
0.001157
0.006342
-0.003056
0.018003
-0.002238
0.004066
0.016366
0.000000
0.006120
-0.007679
-0.006299
0.000419
0.003260
0.005524
0.016061
-0.000745
-0.003565
-0.009144
-0.003521
-0.001681
-0.008992
-0.001355
0.007668
-0.021915
-0.002798
0.001342
0.011506
-0.000446
-0.003731
-0.003822
0.005947
0.000385
-0.002065
-0.002621
0.010681
0.007780
-0.004504
0.002890
0.011247
0.005184
0.018998
0.000000
0.001770
0.005706
-0.005568
0.000097
-0.000953
0.002668
-0.014625
-0.004000
-0.003899
0.005155
-0.004642
-0.000197
0.003847
0.001453
0.020161
-0.002664
-0.002545
0.003425
-0.001020
0.002314
-0.006012
0.000361
0.030841
-0.001182
0.002080
0.004531
-0.001569
0.003795
-0.001141
-0.004827
0.007030
-0.001328
