TEXTURE AT STRAIN


B  100
        301.938909681814        67.4147991538486        43.0928290027031      0.0099999232121101
        213.887432414316        89.1558312368507        31.9733436213596     0.00999992336074401
        199.250735801143        86.0231021236605        4.26992181501368     0.00999992353984483
        279.962389839731         88.256549096319        19.3893667391878     0.00999992431881598
        92.2492336996356        81.7638084800874        31.5581369913729     0.00999992588642346
        315.088770420142        85.3345834134906        42.0643950076732     0.00999992611798647
        22.3967303961891        86.1925524153548        74.3287086244658     0.00999993123161485
        11.8773401405727        78.9131618394228        41.5924140299104     0.00999993501662819
        346.285068214775        74.4131611166711        51.3857840820275     0.00999993694787753
        177.510159670331        82.6600190921124        24.7811523129105     0.00999994025032635
        295.587855028946        85.1969866950541        47.3072238291805     0.00999994209133777
        23.4563690168507        76.8161828770407        54.1436300617965     0.00999994315501022
        331.338492226575        74.1211520353208        65.9518910223529     0.00999994444366038
        78.5416121419444        80.7877208375675        75.2698240179466     0.00999994558102375
         239.20275110594        84.0219153322744        83.1948879220297     0.00999994864060678
        171.358807753474        81.8605090582701        59.6914217054032     0.00999995198315618
        334.978288806272        89.1223144663902         14.066512736812     0.00999995327514738
        69.9891719853319        75.4731525270883        43.0228677521558      0.0099999543090246
        252.010204174687        83.7348920464447         49.256896757651     0.00999995850938858
        194.876846296955        64.8580467898857        57.8097658930795     0.00999995873279034
        76.4087737525752          75.48714308631        61.4034775029068     0.00999995918610076
        334.224971378869        80.5325661098415        38.7385388964883      0.0099999599819181
        167.140391834926        88.0271607554194        8.65433930742901     0.00999996438812909
        260.922493629948        83.5596936523292        26.2048209170852     0.00999996487508977
        358.576845106568        89.7259709834843        47.3401188162369     0.00999996604673223
        250.361719233205        67.3297412465443         38.848907555704     0.00999996715673347
        160.489888114179        85.7332993801584        37.3942777738725      0.0099999695501749
        114.590259952692         76.048815140798        14.4080220977866     0.00999997026180308
        197.906096539335        75.9070204802737        42.2631326583096     0.00999997380918162
        172.411022688198        87.3553085661081        78.0735181662418      0.0099999754508428
        115.399603400233        85.7651410576488        25.4065146559554     0.00999997677042212
        351.728480002263        62.3897639096495        42.6563375309887     0.00999997861956054
         242.18537640755         72.198797445919         56.813641225167     0.00999997867737284
        96.8366602386125        79.9156457720877        10.2719708787678     0.00999997956796086
        119.795781120141        85.4975107484272        59.9661234739545     0.00999998133225717
        53.7476396436571        83.8984951186124        45.7885857199337     0.00999998180769962
        21.7340412216499         87.888228315436        13.0963498171857     0.00999998214655528
        290.785938699638        66.1823008159231        28.4215910434633     0.00999998221180842
        276.883392195136        78.2627231152539        60.6512927360068     0.00999998255583162
        72.3873741841765        71.2554794928383        28.2821288859534     0.00999998299301715
        277.769351999958        88.0464106573625        77.7250910459645     0.00999998500163176
        41.5453666570242         84.377415984669        81.6282281573286     0.00999998533251148
        89.9779312588674        63.4974478359639        49.6734297539641     0.00999998604425956
         94.019623476066         88.531399842208        7.08312162739415      0.0099999887452908
        311.033356292754        85.5978047733083        31.4868336748011     0.00999999076401713
        231.830379947521        75.7675246517836        70.7693686505902     0.00999999160009764
        58.9791778293492        70.9674159549074        69.4357420655465     0.00999999291458572
        220.302627791815        66.3225667569551        37.2512269755681     0.00999999426064342
        271.330384303815         88.642033791712        2.39030086987221     0.00999999591611148
        177.333267230477        68.0518342823694        39.0171366906497     0.00999999606543673
        271.215372475938        88.7612917996204        2.29961065173402     0.00999999650622606
        99.4535977254446        82.7546689381951        81.2561867102444     0.00999999782144821
          142.5423165982         75.132727572653        48.9509305322101     0.00999999854453793
        123.398053389668        72.3708533300539        40.3472965994984     0.00999999862958777
         107.39521094057        75.2114575267874        73.1380982384764     0.00999999943185838
        2.50340405674446        88.9659048775868        88.7306753563462     0.00999999956422306
        269.752483228945        88.7636356134822        2.79949807985597      0.0100000004242397
        269.690897815696        88.3727146386511        3.20750145759828      0.0100000010791423
        345.212822338362        83.7850529779892        72.3705790274786       0.010000009176874
        80.5062540633579         82.372713346259        10.8163881610152      0.0100000107431757
        294.341322078089        77.4331503947657        25.0098487133833      0.0100000125549996
        220.049185082279        79.5826461695058        14.9305952474181      0.0100000160421732
        212.386045251601        88.5584450702038        55.0104819909087       0.010000016202969
        18.9013521398657        58.4366933579014        50.3736132895993       0.010000016299141
        253.840510579399         62.680911094131        57.7429641411606      0.0100000168132493
        314.856322811924        70.3101731606402        56.3305447730697      0.0100000170385937
        257.308403824925        87.8601855136483        69.5875079259818      0.0100000176282729
        260.182468847521        78.1398784659149        70.2147705521998      0.0100000194223515
        31.0001542668346        75.6474922597538        31.6802017206125      0.0100000207525905
        128.557598710962        86.2564722471938        8.26476996855238      0.0100000221852054
        7.69147589078884        74.9137532700362        72.2147964561051      0.0100000227157217
        190.658155603308        82.2868129637804        63.0734118216203         0.0100000233462
        157.151788194237        73.3858614041426        22.7639939511787      0.0100000237031154
        351.961569184171        89.2397885144807        1.69906245842592      0.0100000248544414
        231.704043688854        73.3067810320677        42.5409812246719      0.0100000255920944
        191.300754068222        89.4614819324288        24.4852120893788       0.010000028505231
        60.1899325572771        81.9353927096107        23.0922016269593      0.0100000289889089
        178.754096092475        80.2867908290973        14.6517780044832      0.0100000297349451
        239.875906379145        87.3035860006351        16.5317531505033      0.0100000312047427
        229.534742432941        88.7835889809843         61.461139097873      0.0100000327516578
         294.76892324145         87.731285103497        12.1544356392697      0.0100000337411312
        179.219114627138        62.4429521500932        52.7194449021248       0.010000036649919
        155.893770725502        77.2890270164428        58.7491639915391      0.0100000384720979
        65.9182317443586        66.7048398820318        52.8966578150691      0.0100000399238323
        148.363557198119        88.5340303053242        23.2055501994685      0.0100000461013085
        351.898592123896        74.0366774997657        64.0152829670185      0.0100000465650134
        321.004008475448        56.4081332430906         44.129731889393      0.0100000482384461
        165.019819413573        62.4379029873729        35.0170485593073      0.0100000492399476
        312.485912016918        86.9137560199293          60.38780255814      0.0100000498334172
        122.952421544997         65.488294582752        59.8406069621442      0.0100000539029536
        353.224548235385        77.3028744205171        23.0575984645681      0.0100000614753466
        99.0701039312686        79.4520101205595        54.3350059770516      0.0100000618887561
         47.000065852272        63.2161552621259        39.0664237257309      0.0100000652941361
        135.763023712661        75.4316677944088         31.739171905214      0.0100000654132452
        39.1054767975679        79.7535253981822        13.1143709468393      0.0100000734916014
        243.163719787659        88.3250171201592         30.619513487676      0.0100000830216742
        50.6945260183791        75.4717628272754        62.8943547757769      0.0100000927271951
        273.559931888268        75.2033712036767        39.4011585913329      0.0100000995603238
        295.336157627691        71.0190976089837        67.1322583089491      0.0100001536341168
        216.140249685946        65.1419849169815        58.3154000222271      0.0100001679303253
