1.000000
0.000000
0.249249
0.000000
0.004017
-0.003303
-0.004896
-0.000829
-0.001612
-0.002076
0.207128
-0.002423
-0.098418
0.000000
-0.001124
0.000240
0.009057
-0.000092
-0.008861
0.004557
0.243131
0.006554
-0.008595
-0.003793
0.004183
0.004825
0.121600
0.000000
-0.004641
-0.000472
-0.005824
-0.001551
-0.002337
-0.001511
0.060390
0.005193
-0.003010
0.000921
0.006126
-0.002105
0.001649
-0.004188
0.093568
-0.002492
0.000000
0.002296
0.004088
0.001124
0.000559
-0.003427
-0.003015
0.000769
-0.148009
-0.000556
0.002999
-0.000862
0.002827
0.002646
0.001065
-0.002165
0.085557
0.002333
0.001490
0.000463
-0.068520
0.000000
0.000033
0.002869
0.002436
-0.000383
-0.005110
-0.000144
0.087270
0.001172
-0.006404
-0.002170
-0.002290
-0.002893
-0.000506
-0.000285
0.105462
-0.001089
0.005595
-0.002830
-0.001710
-0.005130
0.072297
0.000000
-0.011204
0.000994
-0.001823
0.002061
0.004143
0.001863
0.054241
0.002426
-0.002108
-0.000651
0.003237
-0.002638
-0.005168
0.003076
0.006422
0.002472
0.005965
-0.002681
-0.005181
0.001682
0.006011
-0.000065
0.056256
0.000084
0.034488
0.000000
0.001994
0.002828
0.003269
-0.001477
0.001275
-0.004514
-0.059423
-0.001827
-0.000169
-0.002397
0.007668
0.001000
-0.003285
-0.001172
0.126536
0.000791
0.005384
0.001437
-0.001419
0.002279
0.003491
-0.001776
-0.000064
0.001457
0.000000
-0.000614
0.003204
0.000514
0.001757
0.002936
0.002677
0.003415
-0.087802
-0.000447
0.003558
-0.000965
-0.004017
0.000882
0.002919
-0.002082
-0.024331
0.001122
-0.000354
0.000160
-0.000222
0.002087
-0.006725
-0.000446
0.054962
-0.000567
-0.000267
0.001103
-0.051621
0.000000
0.002166
-0.000716
0.000512
0.001285
-0.005231
-0.005808
0.055706
-0.000193
-0.001979
-0.002591
0.000653
-0.002451
-0.002458
0.001250
0.061820
-0.001017
0.004057
-0.000636
0.002961
0.000042
-0.001191
0.000776
0.070625
0.002888
0.001745
-0.000601
-0.003794
0.000915
0.000000
-0.001202
0.000289
0.001842
0.000636
-0.000678
0.000225
-0.002677
0.038085
-0.001229
-0.003927
0.001838
0.004932
0.001430
0.001558
-0.002362
-0.094221
0.003214
-0.004323
-0.000156
-0.002068
-0.000775
0.002035
-0.002767
0.051485
0.003323
0.005219
0.002114
-0.001177
0.006001
-0.001451
0.001356
0.047279
0.000000
0.000596
-0.002560
-0.004900
0.000140
0.002266
0.001841
0.041992
-0.000248
-0.002564
-0.003048
-0.000650
-0.000560
-0.001250
-0.000452
0.011616
-0.007305
-0.000838
0.000448
0.004687
-0.000149
-0.004797
-0.001275
0.000381
0.000129
-0.003658
-0.000874
0.003581
0.002593
-0.002006
0.000963
0.045114
0.001728
0.034878
0.000000
0.003451
0.001902
-0.000063
0.000032
-0.000192
0.000889
-0.048368
-0.001333
-0.005706
0.001718
-0.000677
-0.000066
0.000861
0.000484
0.045450
-0.000887
0.002947
0.001142
0.000314
0.000771
-0.006242
0.000120
0.080431
-0.000395
0.005520
0.001511
-0.000260
0.001265
0.000177
-0.001609
0.005804
-0.000443
