TEXTURE AT STRAIN


B  100
        60.9409342761057        88.5930846777903         10.775844338107     0.00738004027164009
        350.448805500994        79.1949654318868         74.825999220486     0.00738228553042827
        115.668186466121         64.688848688293        48.8469240137043     0.00741251775912351
        281.568799435031        61.7992609724001        46.3689379058993      0.0077399100749664
        310.755750117124        88.3024206550248        2.66120962195783     0.00775004694175113
        283.177244351656        89.9293714988227        50.7663799091828     0.00789935719300262
        266.536259793681        77.7078022076336        42.9997793668747     0.00800060627452139
        153.274454600877        79.8779370105082        74.8632620515887     0.00808812949209757
         331.02182316556        87.7964238316712        38.4998918656701     0.00820822969247815
        20.1652793850554        55.2175644986385        45.3149670137402     0.00825304207921993
        1.33724574596804        89.3625901416345        1.69540993822346     0.00834763392197965
        110.271903002997        81.5671400017528        77.8246623158816     0.00835706997326335
        236.074090959534        85.8526508337839        13.8779337951927      0.0083695116038673
        298.361636409353        84.1956717573713        77.5458062426214     0.00848353725529555
        264.207945034911        89.0069407608977        23.9691130379676     0.00848884030907233
        35.6454714295794        72.1220850525676        49.3240964253381      0.0084904306111018
        139.245868741032        84.3392776821493        18.5661933887663     0.00851026412918425
        74.2473609209609         75.587754709964        71.7643567744964     0.00853936721109327
        180.161320256952        84.0165120034211        44.8970892869771     0.00855965712482674
        296.871733196304        74.5812313124729        34.1385005703017     0.00864609089878421
        167.571486668675        81.6857741409371        28.7359684192777     0.00868421791017616
        41.2557446566294        81.0030038536501         65.109808780302     0.00869983411207687
        349.787120299668        78.3552964525489        29.4854849187309     0.00872013150765966
        35.7856336636293        69.4130481834552        24.8523017248952     0.00881952603476085
         332.48082475136         85.920435947321        60.7612587878309      0.0088663391841335
        95.9274197276343        85.3585357938626        68.2372871841249      0.0089668699262314
        24.5591530711627        88.4315267045459        37.9345796841527     0.00897736256996647
        24.4826635573111        79.4192751765709        11.0474234048815     0.00898460445638348
        173.527403706083        88.1794867833275        87.5691925263718     0.00898821502804548
         253.05286987782        85.9156169090453        60.7544332979909     0.00900440629985427
        108.239271289329        82.7318630159701        8.70387692594336     0.00900571234053578
        83.5850619372914        87.1213604787095        2.93343792306989     0.00903491193769368
        173.425533292001         88.570528442808        87.6892545527199     0.00905020742425535
        246.010756573153        75.4936646236612        21.1049946890235     0.00906124895680847
        173.529529755212        87.6816107859629        87.3373026548456     0.00906487332678048
        133.322652072037        78.8846627597183         47.014359276274     0.00908196326142603
         83.611153387209         87.009321469539        3.18732413520183     0.00909100430642351
        199.703233429168        65.6229295114294        44.4565490868851      0.0090989621191064
         121.88940185678        78.9382337285922        29.6493795207431     0.00922717775294134
        11.8127489194087        72.5642106274251        32.9829959034357     0.00925954400808981
        59.3033804675004        69.4271743509328        58.8797577394485     0.00930935912190941
         246.93477369645        83.2589369145228        74.8903185752901     0.00935711511159335
        313.033847969995        84.1247012004823        25.2521273837713     0.00941030285387303
         92.233187224015        88.5385489867405        88.1316274517841     0.00941902135252056
        317.040132360644        70.9747635060602        67.6074851400584     0.00943354109578615
        223.988570995426        80.2250992488556         41.646907145206     0.00947451616106764
        92.2963753178095        88.5579600076542        88.1112596822386     0.00948081033875988
         92.302438469251        88.5583961632569        88.1124710534548     0.00948525776442173
        92.3296551715583        88.5602640688784        88.1190636041756     0.00950481981636112
        92.3318734064166        88.5604077928494        88.1197003451171     0.00950638018435925
        92.3428154638411        88.5495109890275        88.1223694318669     0.00951220889236064
        92.3531073320457        88.5498252280698        88.1277756312153     0.00951871624660221
        252.845429466244        68.6103309272545        35.0938450311503     0.00952351407848394
        92.3645478278879        88.5501077538184        88.1343785751385      0.0095257631400548
        185.622253512427        76.3625725970778        62.3368482300254     0.00957005504753207
        70.1500224804453        78.4288845383226        76.9395165114769      0.0096813895458586
        324.099105893786        64.9878511619034        39.9670085432644     0.00974296788943771
        65.0819904314346        61.0769904301722        38.0151804666366      0.0097875220751686
        287.693517824602        80.3114941510484        14.0852313606481     0.00978779501568735
        339.735499613426        59.6230007507657        51.4766833694309      0.0099062930595627
        159.722167288455        71.1328508420984        51.3922955072734     0.00994343345149366
        220.657029440647        85.5474787548716        68.0865947008254     0.00996857326729632
        4.74544769040468        81.4635286651427        9.56092012784175     0.00999370159715368
        114.158974932945        84.2003099394774        60.4141305379582       0.010022739777243
        82.6555405498456        71.6141089511264        39.2692028512902      0.0100617186299782
        281.012593084763        73.5611963504241        23.1590387489728      0.0101077967535387
        55.3225457354077        81.7101574487258        35.1997885746532       0.010161994242481
        13.2038034727143        76.5619224949294        59.6122307169871        0.01017979861972
        351.627751315811        75.9214126949796        53.1778102871697      0.0102109787763932
        186.762118500005        89.4937353149463        3.82370980443902      0.0102279965267729
        291.849121305101        82.6774634827466        7.83768295562968      0.0102482204196192
        186.719730988473        89.3728506682028        3.81170741307169      0.0102673218513748
        186.701542472338        89.3476997107912        3.63247733357182      0.0103110477180856
        208.618018108174        65.7598556486507        59.8169844945175      0.0103111349336176
        104.908870918529        80.2556729766964        15.6692000625637       0.010493359249238
        237.288056192273        72.0038943586355         55.722035963154      0.0105355167575124
        65.3572092869022        87.4682852996432        54.2567311408874      0.0105465227746115
         187.58627016462        65.3269176194299        29.9236613130563      0.0106020970194275
        91.8534952733721        69.5940851930723        57.4502496194766      0.0106397864723554
        168.073547423244        83.1558542408544        11.4595301054536      0.0106781991752003
        186.006545121088        88.8023944408264        5.91690289546156      0.0107294822412152
        308.148527565176        80.9569206642602        50.0684645277617      0.0109464953107858
        202.932289857583         87.118045238742        25.6581720158357      0.0111366479108309
        89.9942742784994        83.1721003980068        20.4944601342597      0.0113843959727697
        185.286887448622        86.3534357828616        20.7757070917672      0.0113926817903448
        266.834407035754        80.5660317691906        10.5424394346068      0.0118558586465763
        2.68003322322037        78.4127077374423        14.8743281714819      0.0121505296808961
        148.514519924772        70.9359823219276        29.3880721925189      0.0121739858742868
        74.4202780478884        75.0123831242993        20.0818948463024      0.0122523858132977
        286.095865183292        80.2253564218698        69.3724004492528      0.0123231432745988
        168.696427298435         87.229191766492        70.5100919037215      0.0125677822770784
        90.8780622008133        89.0024570223345        9.90775529374188      0.0127266994059406
        267.549158844177        72.4800492538273         66.251033364433      0.0127985450240501
        267.123900352857        80.4370885567157        10.3293230287406      0.0128521639252979
        83.4276747158598        86.1095218039695        5.78741913560882      0.0131560085125772
        182.072960318716        85.8292155225017        10.2953919022123      0.0135541529310433
        268.911456702001        86.0858046446413        78.1000701584173      0.0135775805561291
        165.046982357462        89.0534957240523        12.0263031299506      0.0147412621519434
        191.378529177339        84.8419128209084        74.0255500351527      0.0166275621830603
        80.4714013409905        87.1171181683029        82.5434739329776      0.0220096689017177
