1.000000
0.000000
0.330508
0.000000
-0.001668
-0.000000
-0.004552
0.000000
-0.000381
0.000000
0.280796
0.000000
-0.128522
0.000000
0.000538
0.000000
0.004370
0.000000
-0.005967
-0.000000
0.321279
0.000000
-0.006617
0.000000
-0.000457
0.000000
0.162986
0.000000
-0.005779
-0.000000
-0.004891
-0.000000
-0.001525
0.000000
0.079285
-0.000000
-0.002498
-0.000000
0.002798
0.000000
0.005028
-0.000000
0.126661
0.000000
0.000000
-0.000000
0.005659
-0.000000
-0.001063
0.000000
-0.000360
0.000000
-0.192171
-0.000000
0.004281
0.000000
0.002869
0.000000
0.003165
-0.000000
0.111572
0.000000
0.003123
0.000000
-0.091475
0.000000
0.001135
-0.000000
0.000095
0.000000
-0.007167
-0.000000
0.122806
0.000000
-0.003814
0.000000
0.000287
0.000000
0.002246
-0.000000
0.139119
0.000000
0.005573
0.000000
0.000768
0.000000
0.092392
0.000000
-0.010678
-0.000000
-0.005217
-0.000000
0.002345
0.000000
0.070507
0.000000
-0.005491
-0.000000
0.007837
-0.000000
-0.006279
-0.000000
0.006937
-0.000000
0.003943
-0.000000
-0.004777
-0.000000
0.007502
-0.000000
0.073660
0.000000
0.047382
0.000000
0.000058
0.000000
0.005471
0.000000
0.003096
0.000000
-0.080500
-0.000000
-0.005891
0.000000
0.007358
-0.000000
-0.003321
-0.000000
0.167549
0.000000
0.008241
-0.000000
-0.001417
-0.000000
0.003898
-0.000000
0.002387
-0.000000
0.000000
0.000000
0.003847
-0.000000
0.001292
0.000000
0.001683
0.000000
-0.117848
-0.000000
0.004753
0.000000
-0.004952
0.000000
-0.000364
0.000000
-0.036246
-0.000000
-0.001519
0.000000
0.001461
0.000000
-0.003446
-0.000000
0.076845
0.000000
-0.001344
-0.000000
-0.069152
0.000000
0.001406
-0.000000
0.000435
-0.000000
-0.005867
-0.000000
0.075727
0.000000
-0.002911
-0.000000
0.002977
-0.000000
-0.006941
-0.000000
0.077385
0.000000
0.001384
0.000000
0.005682
0.000000
-0.000471
-0.000000
0.090984
0.000000
0.002445
-0.000000
-0.004709
-0.000000
0.000000
0.000000
0.000795
-0.000000
-0.001002
-0.000000
0.000221
0.000000
0.044833
0.000000
-0.000730
-0.000000
0.007346
0.000000
-0.000399
0.000000
-0.120603
-0.000000
-0.006455
0.000000
-0.001883
0.000000
0.001874
-0.000000
0.068878
0.000000
0.007250
-0.000000
-0.000237
0.000000
-0.001057
0.000000
0.062736
0.000000
-0.002167
-0.000000
-0.004201
0.000000
0.001769
0.000000
0.054957
0.000000
-0.002064
-0.000000
0.000786
0.000000
0.002620
0.000000
0.013592
0.000000
0.000144
0.000000
0.001277
-0.000000
-0.005330
-0.000000
-0.002402
-0.000000
-0.004455
0.000000
0.000031
0.000000
-0.000756
-0.000000
0.062047
0.000000
0.042819
0.000000
0.004292
-0.000000
0.002690
0.000000
0.000188
-0.000000
-0.065240
-0.000000
-0.006608
0.000000
0.001306
-0.000000
-0.000632
-0.000000
0.058093
0.000000
0.005693
0.000000
0.000982
0.000000
-0.006357
-0.000000
0.105227
0.000000
0.007240
0.000000
0.000394
-0.000000
0.000836
0.000000
0.005191
-0.000000
