TEXTURE AT STRAIN


B  100
         73.488546560279        78.5906020169916         64.660335948885     0.00547966600124204
        149.654731452595        62.3103090584652        33.1351122678918     0.00548047406052661
        104.753826339356        86.6561614206033        48.8266398698653     0.00549155653868399
        160.091666395501        85.4794625969205        51.9205379571106     0.00581190002264387
        331.643676422264         70.797487423972        51.2760496514814     0.00583466255846126
        19.2055572842313        61.8343176051753        38.9032124850771     0.00599170358140041
        58.2839368569834        65.0074168297277         54.751571268885     0.00599332305567743
         62.721634871648        85.7760744827627        55.5556909119361     0.00605768659355469
        16.0072230696459        82.4433233606883        42.1070621684828     0.00611584284753461
        142.612131712566        73.4584682384974         55.997239718374     0.00614947711815592
        37.3784748487396        76.5340065296907        29.9411044408151     0.00622286897326867
        133.228041831085        70.0621186232038        30.9615751775376     0.00628019051965866
        224.206837609703        78.1496886860993        62.3474548852351     0.00630633947048115
        180.330110663609        85.1959469315676        37.3467443091386     0.00631226413083487
        307.888584697501        79.1497957142084        51.6429234548185     0.00635815481329083
        228.098239966948        86.4699940460207        45.2073769995035     0.00641921581912185
        209.566546997798        88.2826408407932        78.3479108543191     0.00646887017951614
        139.307922276746        86.8377862839811        8.81722217681743     0.00648255630522714
        312.286876012034        74.6245923679445        71.3944728293311     0.00653890498473466
        248.584344577311        74.0750065275907        44.2372133382885     0.00654908318822456
        209.930853328577        77.7077170513396        38.6368228426953      0.0066504237424027
        105.330576272221        86.5609731032315        7.67700112390561     0.00680261469451062
        125.959573790409        84.5773023161783        50.4127318046548     0.00683401811584177
        39.7878379678513        85.3660620016698        70.7085578279702     0.00686263429385935
         61.414766856907        81.1456381418415        78.4945469000737     0.00702367801945172
        112.699001812397        67.4694875650399        51.9003045856086     0.00702537848223253
          188.0205541506        64.6969939148797        34.5285571275427     0.00703139860445288
         162.55535434708        59.6644772385721        51.5211609436332     0.00727980328024221
        265.961578154733        84.0575151136944        52.1078605452143      0.0072965332358137
        298.754803733773        75.3975875159368        29.1208924363767     0.00731756146472138
        351.385736834574        87.3915381105191        3.10375303319101     0.00737954484269952
         81.285303370941        75.0484931421266        33.0262999105381     0.00739366596608783
        351.378327422671        87.4086651988001        3.10222628523083     0.00739414195378886
        320.621033539321        55.3814075729926        45.4567316690658     0.00747380326174234
        127.213958625433        89.2711716035152         73.169011416789      0.0075387972398458
        62.4513223499267         77.765817363624         32.876562369253     0.00762265140981144
        237.586180435534        74.7885061446633        22.4503442658562      0.0078228620203249
          36.44987803729        75.6720301623075        53.6519434860585     0.00792871454636429
        166.965366061157        72.5124684037437        28.6564735157096     0.00798691677206882
        221.588895293489         62.033666901581         48.175555891722     0.00801656433869606
        323.728461367286        77.4781757146645        32.8762757827855     0.00809028024751425
        350.689337387254        88.9743011654387        2.99889536270654      0.0083630327528503
        275.606943224109        66.2756263304912        34.0165018552717     0.00847654325153585
        354.381628230633        72.9202686467328        36.4098304946043     0.00877339384184935
        284.191448780663        72.1223950579523        54.6003179340106     0.00884723702580289
        146.899118443437        84.7975756767893        31.4274602568539     0.00885435682564102
        266.227368351689        84.3267082261748        26.9470060810363     0.00888316100807351
        201.272154180985        81.1026655742316        64.0874495591067     0.00901333798164327
        115.593036093038        84.4219678120632        25.6342520226713     0.00908518814846226
        91.3713437957001        89.7758814296843        88.3630715287885     0.00910866755038871
        356.225073793915        64.6485490760946        58.6523109709578     0.00913148379654193
        1.05772222954975        88.1212324207806        87.8501598566367     0.00928964622260586
        1.05566283573927         88.131808031721        87.9859150778068      0.0092953374914213
        1.05307935227119        88.1156320852948        87.7987249081331     0.00930332527311963
        1.05236808320363        88.1143023868707        87.7859628009538     0.00930542122057255
        1.04341858875303        88.1206393653461        87.8702782549117     0.00932322445281539
        1.03523178638165        88.1090083729532        87.7602497536107     0.00934155844276719
        1.03492969999601        88.1085600947465        87.7570777271088     0.00934247701450835
        1.03331686458618        88.1100762926363        87.7625084356561     0.00934678989082289
        1.03104620015846         88.107232932316        87.7362690766779     0.00935308509348435
        1.01917537136025        88.0921275993473        87.5904095837376     0.00938909395287603
         1.0305404637904        88.0694208101946        87.4155443460173     0.00939748964284539
        88.5803697570944        68.7675261105004        57.9083024228841     0.00956005009884457
        170.069435510894        89.9115417672955        86.9860576865938     0.00957093042960898
        183.285620676584        71.1555718247735         58.581280001247     0.00971370615028708
        59.1802399559283        79.5714901568112        11.4069654507248       0.010209590022888
        287.979575506284        81.9900667294771         74.754936068765        0.01033366856637
        166.619257280012        78.6424731735274        69.8862240001611      0.0107398698593648
        169.404518621685        88.9775935542505        86.8071796840939      0.0108743410631292
        99.1997076307629         71.721278338435         25.658450586973      0.0108924176514688
        3.46286019868065        88.2099772597734        4.00491639569215      0.0115868194681448
        3.46399453591711        88.2095194396922        4.00657533878813      0.0115908608441963
        245.299733577343        85.0173291252849        68.7215994274774       0.011603624169979
        347.497238382706        84.8528262756457        65.9699828529239      0.0117343093187819
        85.4169026914937        84.3090570677996        13.5197585995671      0.0119853147299521
        3.61318787366497        88.2563893144285        4.13679283958154       0.012036623238057
        193.329399055342        79.1688997858571        19.6121326304394       0.012383116954738
        82.8568355731107        84.5264277864142        11.3344037165027      0.0123916087531254
        178.088994374961        84.5085295735511        9.46048426564054      0.0125185616940745
        82.5524882075374        84.5212573173091        11.2235340532986      0.0127144230980777
        258.306111492904        74.8568893218505        73.5259622921554      0.0129204578314185
          3.878863809278        88.2274791272052         4.5537772351741       0.013258431335655
       0.937460121783579          87.65920189522        83.7330184866158      0.0136899403754413
         3.9539723540599        88.1169448681502         4.7383957236399      0.0136910735787428
        343.685904571703        80.4605218577672        18.3458814172544      0.0140688512475239
        2.10679945638711        88.9424753875563        21.2780500967295      0.0141999111333996
        3.24835140473563        76.2923469192153        72.3199709837995      0.0143533043854785
         96.001607520162        80.2498859812496         72.080602777142      0.0145036970905498
        178.928847601815        86.2171962838861        8.68937948091588      0.0150549489447533
        160.421299066851        86.9985219053427        10.7400994221945      0.0152781698662489
        276.345886775249        85.4142690873476        72.3501522375373      0.0153441495490571
         80.774568017479        87.0739627196269        4.29920474939033      0.0154032600086587
        17.6295573675829        82.1241474601156        68.0965895487834      0.0160434569095471
        178.862019097787        83.7754512497837        9.93216904069079      0.0161690744858137
        85.3455398288002         80.726885611473        77.9060650703884      0.0168913261945228
        284.958332103495         85.097741679375        17.4716666788403       0.017171809280333
        17.2652962000716        75.7377110436762        14.9901757686559      0.0179305765975721
        19.4707799599333        87.0254230390544        85.6433132784455      0.0179887187136506
        255.928990519748        84.1286201945534        14.4949913168581      0.0226031124645364
        98.0879466510256        82.0325404907278        8.06094915165981      0.0326553157206689
